1747108230331 0.28662869334220886 0
1747108238219 0.5169375538825989 1
1747108246150 0.6271665692329407 2
1747108254007 0.6908433437347412 3
1747108261901 0.7317843437194824 4
1747108269829 0.753564178943634 5
1747108277727 0.7746788859367371 6
1747108285597 0.7864416837692261 7
1747108293500 0.7982044219970703 8
1747108301329 0.8052288293838501 9
1747108308983 0.8152042627334595 10
1747108316754 0.8183216452598572 11
1747108324546 0.823434054851532 12
1747108332474 0.8316222429275513 13
1747108340380 0.8353630900382996 14
1747108348174 0.8388960361480713 15
1747108356146 0.8435097336769104 16
1747108364023 0.842678427696228 17
1747108371941 0.8477076888084412 18
1747108379677 0.8463776707649231 19
1747108387491 0.849037766456604 20
1747108395389 0.8521550893783569 21
1747108403369 0.8551477789878845 22
1747108412550 0.8554802536964417 23
1747108420363 0.8578494787216187 24
1747108428161 0.8593457937240601 25
1747108436116 0.8603848814964294 26
1747108443880 0.8558959364891052 27
1747108451830 0.8630450367927551 28
1747108459798 0.864125669002533 29
1747108468810 0.8654972910881042 30
1747108478282 0.8652063608169556 31
1747108488054 0.8694459199905396 32
1747108496483 0.8694043755531311 33
1747108505217 0.8687393665313721 34
1747108513188 0.8653310537338257 35
1747108522264 0.8728126883506775 36
1747108533092 0.8723970055580139 37
1747108543030 0.8748908638954163 38
1747108552891 0.8740596175193787 39
1747108561362 0.8744752407073975 40
1747108570350 0.8755974769592285 41
1747108580232 0.874641478061676 42
1747108591230 0.8772600889205933 43
1747108599717 0.8775925636291504 44
1747108609379 0.8785901069641113 45
1747108619073 0.8795461058616638 46
1747108628086 0.8799617886543274 47
1747108637322 0.879587709903717 48
1747108646451 0.8787979483604431 49
1747108655193 0.8782576322555542 50
1747108663289 0.8824971914291382 51
1747108671611 0.8810424208641052 52
1747108679741 0.881250262260437 53
1747108689338 0.8821231126785278 54
1747108697506 0.8820399641990662 55
1747108705151 0.8837441205978394 56
1747108712620 0.8832868933677673 57
1747108720086 0.8823724985122681 58
1747108727536 0.8852404356002808 59
1747108735199 0.886612057685852 60
1747108743658 0.8834531903266907 61
1747108751908 0.8843260407447815 62
1747108760371 0.8846169710159302 63
1747108768210 0.8866536617279053 64
1747108779131 0.8837441205978394 65
1747108791755 0.8847416639328003 66
1747108802910 0.8847832679748535 67
