1747108230331 15.929624557495117 0
1747108238219 1.7561300992965698 1
1747108246150 1.073851466178894 2
1747108254007 0.8473179936408997 3
1747108261901 0.7413938641548157 4
1747108269829 0.6756568551063538 5
1747108277727 0.6231276392936707 6
1747108285597 0.5949543714523315 7
1747108293500 0.5524951815605164 8
1747108301329 0.5377718210220337 9
1747108308983 0.5139018893241882 10
1747108316754 0.5058427453041077 11
1747108324546 0.4903709888458252 12
1747108332474 0.4685671329498291 13
1747108340380 0.4517623782157898 14
1747108348174 0.44821402430534363 15
1747108356146 0.43980005383491516 16
1747108364023 0.4374104142189026 17
1747108371941 0.4242806136608124 18
1747108379677 0.42375534772872925 19
1747108387491 0.4198101758956909 20
1747108395389 0.4125375747680664 21
1747108403369 0.40592461824417114 22
1747108412550 0.4026135802268982 23
1747108420363 0.3956977427005768 24
1747108428161 0.39381277561187744 25
1747108436116 0.3815728724002838 26
1747108443880 0.3988761603832245 27
1747108451830 0.37783360481262207 28
1747108459798 0.37496867775917053 29
1747108468810 0.37505751848220825 30
1747108478282 0.371308296918869 31
1747108488054 0.36640074849128723 32
1747108496483 0.3692512810230255 33
1747108505217 0.3640451729297638 34
1747108513188 0.36403560638427734 35
1747108522264 0.3562198877334595 36
1747108533092 0.35703039169311523 37
1747108543030 0.35146278142929077 38
1747108552891 0.34715768694877625 39
1747108561362 0.3483654856681824 40
1747108570350 0.3437539041042328 41
1747108580232 0.3435954749584198 42
1747108591230 0.3373914062976837 43
1747108599717 0.33857640624046326 44
1747108609379 0.33968985080718994 45
1747108619073 0.33749422430992126 46
1747108628086 0.33401450514793396 47
1747108637322 0.3335046172142029 48
1747108646451 0.3361389636993408 49
1747108655193 0.3342585861682892 50
1747108663289 0.32947462797164917 51
1747108671611 0.3332200348377228 52
1747108679741 0.3281298875808716 53
1747108689338 0.3281509280204773 54
1747108697506 0.3271787166595459 55
1747108705151 0.32317808270454407 56
1747108712620 0.3250669538974762 57
1747108720086 0.3272145688533783 58
1747108727536 0.32194870710372925 59
1747108735199 0.31758368015289307 60
1747108743658 0.3240176737308502 61
1747108751908 0.3216521441936493 62
1747108760371 0.32027530670166016 63
1747108768210 0.31702473759651184 64
1747108779131 0.32172852754592896 65
1747108791755 0.31749317049980164 66
1747108802910 0.32075443863868713 67
