1747108230331 0.1390707790851593 0
1747108238219 0.1096244677901268 1
1747108246150 0.10831854492425919 2
1747108254007 0.10915029048919678 3
1747108261901 0.11418842524290085 4
1747108269829 0.11962039023637772 5
1747108277727 0.1225886270403862 6
1747108285597 0.12507715821266174 7
1747108293500 0.12637411057949066 8
1747108301329 0.12853123247623444 9
1747108308983 0.1293797791004181 10
1747108316754 0.13019028306007385 11
1747108324546 0.12902159988880157 12
1747108332474 0.1306212842464447 13
1747108340380 0.131734699010849 14
1747108348174 0.13117943704128265 15
1747108356146 0.13221676647663116 16
1747108364023 0.130618616938591 17
1747108371941 0.13247084617614746 18
1747108379677 0.1319151371717453 19
1747108387491 0.1321253627538681 20
1747108395389 0.1323484629392624 21
1747108403369 0.13363827764987946 22
1747108412550 0.13284699618816376 23
1747108420363 0.1333199441432953 24
1747108428161 0.1338540017604828 25
1747108436116 0.13375906646251678 26
1747108443880 0.13394147157669067 27
1747108451830 0.1334189474582672 28
1747108459798 0.1336674988269806 29
1747108468810 0.13432271778583527 30
1747108478282 0.13418619334697723 31
1747108488054 0.134853795170784 32
1747108496483 0.1343161016702652 33
1747108505217 0.13397705554962158 34
1747108513188 0.13435591757297516 35
1747108522264 0.13504242897033691 36
1747108533092 0.13490214943885803 37
1747108543030 0.13478116691112518 38
1747108552891 0.13470575213432312 39
1747108561362 0.1345357894897461 40
1747108570350 0.13548298180103302 41
1747108580232 0.13450613617897034 42
1747108591230 0.1353045403957367 43
1747108599717 0.13497376441955566 44
1747108609379 0.13562096655368805 45
1747108619073 0.13505761325359344 46
1747108628086 0.13539209961891174 47
1747108637322 0.13598273694515228 48
1747108646451 0.13541696965694427 49
1747108655193 0.1357235461473465 50
1747108663289 0.13603003323078156 51
1747108671611 0.13477541506290436 52
1747108679741 0.13536188006401062 53
1747108689338 0.13557115197181702 54
1747108697506 0.1342332810163498 55
1747108705151 0.13611121475696564 56
1747108712620 0.13567984104156494 57
1747108720086 0.1360405832529068 58
1747108727536 0.13607542216777802 59
1747108735199 0.13564099371433258 60
1747108743658 0.13699883222579956 61
1747108751908 0.13554786145687103 62
1747108760371 0.13594377040863037 63
1747108768210 0.1357949823141098 64
1747108779131 0.13617952167987823 65
1747108791755 0.13591209053993225 66
1747108802910 0.1354755312204361 67
