1747108230331 0.8609179854393005 0
1747108238219 0.8528673052787781 1
1747108246150 0.869559109210968 2
1747108254007 0.8726147413253784 3
1747108261901 0.8446303606033325 4
1747108269829 0.8504201769828796 5
1747108277727 0.8493534922599792 6
1747108285597 0.8520457148551941 7
1747108293500 0.8121886849403381 8
1747108301329 0.8593882322311401 9
1747108308983 0.845367431640625 10
1747108316754 0.8628021478652954 11
1747108324546 0.8197871446609497 12
1747108332474 0.8419976830482483 13
1747108340380 0.8535292744636536 14
1747108348174 0.8551769256591797 15
1747108356146 0.8586497902870178 16
1747108364023 0.8183682560920715 17
1747108371941 0.8402203321456909 18
1747108379677 0.8460813164710999 19
1747108387491 0.8217653036117554 20
1747108395389 0.8494338989257812 21
1747108403369 0.8145685791969299 22
1747108412550 0.8319121599197388 23
1747108420363 0.8672071099281311 24
1747108428161 0.8200176954269409 25
1747108436116 0.8238051533699036 26
1747108443880 0.8436235189437866 27
1747108451830 0.8462792038917542 28
1747108459798 0.8647235631942749 29
1747108468810 0.8487445116043091 30
1747108478282 0.8400721549987793 31
1747108488054 0.8730883002281189 32
1747108496483 0.8340150713920593 33
1747108505217 0.8522528409957886 34
1747108513188 0.8547648191452026 35
1747108522264 0.8740731477737427 36
1747108533092 0.8611006736755371 37
1747108543030 0.8237509727478027 38
1747108552891 0.8738263845443726 39
1747108561362 0.8332757353782654 40
1747108570350 0.8678156137466431 41
1747108580232 0.8458706736564636 42
1747108591230 0.818433403968811 43
1747108599717 0.8619762659072876 44
1747108609379 0.8324421644210815 45
1747108619073 0.8613106608390808 46
1747108628086 0.8556988835334778 47
1747108637322 0.8438025116920471 48
1747108646451 0.8466359376907349 49
1747108655193 0.8477761149406433 50
1747108663289 0.8463028073310852 51
1747108671611 0.8336200714111328 52
1747108679741 0.8334063291549683 53
1747108689338 0.8306881785392761 54
1747108697506 0.8504120707511902 55
1747108705151 0.8347211480140686 56
1747108712620 0.847200334072113 57
1747108720086 0.8763254880905151 58
1747108727536 0.8813247084617615 59
1747108735199 0.851021409034729 60
1747108743658 0.8429397940635681 61
1747108751908 0.8318802714347839 62
1747108760371 0.8630090355873108 63
1747108768210 0.840666651725769 64
1747108779131 0.8184896111488342 65
1747108791755 0.8531304597854614 66
1747108802910 0.8538579344749451 67
