1747040826204 0.34461116790771484 0
1747040833786 0.5886362791061401 1
1747040842124 0.6775011420249939 2
1747040849738 0.7324494123458862 3
1747040857457 0.7578868865966797 4
1747040865123 0.7706056237220764 5
1747040872756 0.7879795432090759 6
1747040880739 0.8018620610237122 7
1747040888330 0.8019867539405823 8
1747040895980 0.8081383109092712 9
1747040903411 0.8168668746948242 10
1747040911090 0.8223533630371094 11
1747040918728 0.8258863687515259 12
1747040926274 0.8265513777732849 13
1747040933929 0.8296687602996826 14
1747040941618 0.8349890112876892 15
1747040949830 0.8391870260238647 16
1747040957336 0.8384804129600525 17
1747040965221 0.8408495783805847 18
1747040973079 0.8468348383903503 19
1747040980813 0.849494993686676 20
1747040988583 0.8553140163421631 21
1747040996493 0.8517810106277466 22
1747041003703 0.8552308678627014 23
1747041010569 0.8552308678627014 24
1747041017736 0.8559374809265137 25
1747041024717 0.8585144877433777 26
1747041031817 0.8615071177482605 27
1747041039011 0.864125669002533 28
1747041046110 0.8637931942939758 29
1747041053168 0.8630450367927551 30
1747041060536 0.8648738265037537 31
1747041067523 0.8651648163795471 32
1747041074921 0.8647907376289368 33
1747041081993 0.8662455081939697 34
1747041089064 0.8682405948638916 35
1747041096009 0.8691965341567993 36
1747041103161 0.8694043755531311 37
1747041110690 0.8722723126411438 38
1747041117813 0.8720645308494568 39
1747041124941 0.8745167851448059 40
1747041131942 0.8731867671012878 41
1747041139115 0.8745583891868591 42
1747041146076 0.8747661709785461 43
1747041152991 0.8767613172531128 44
1747041159977 0.87721848487854 45
1747041167217 0.8740596175193787 46
1747041174288 0.8743505477905273 47
1747041181254 0.8780913352966309 48
1747041188235 0.8776757121086121 49
1747041195370 0.8789226412773132 50
1747041202567 0.8765119314193726 51
1747041209744 0.8797539472579956 52
1747041217138 0.8787564039230347 53
1747041224058 0.8796292543411255 54
1747041231179 0.8799617886543274 55
1747041238121 0.8805436491966248 56
1747041245218 0.8837441205978394 57
1747041252275 0.8811255693435669 58
1747041259307 0.8825387358665466 59
1747041266309 0.879338264465332 60
1747041273416 0.8822062611579895 61
1747041280543 0.879795491695404 62
1747041287635 0.8817905783653259 63
1747041294676 0.8823309540748596 64
1747041301761 0.8806267976760864 65
1747041309371 0.8832453489303589 66
1747041316396 0.8827881217002869 67
1747041324083 0.8862379789352417 68
1747041331189 0.8825387358665466 69
1747041338286 0.883827269077301 70
1747041345349 0.8796292543411255 71
1747041352619 0.8803358674049377 72
1747041359633 0.883370041847229 73
1747041366728 0.8847001194953918 74
1747041373893 0.8811255693435669 75
1747041381061 0.879587709903717 76
1747041388112 0.8828712701797485 77
1747041395124 0.8855314254760742 78
1747041402060 0.8849079608917236 79
1747041409149 0.8839103579521179 80
1747041416502 0.8838688135147095 81
1747041423676 0.8852404356002808 82
1747041430868 0.8863626718521118 83
1747041437823 0.8814581036567688 84
1747041444684 0.884824812412262 85
1747041451778 0.8858639001846313 86
1747041458840 0.8866952061653137 87
1747041466039 0.8843260407447815 88
1747041473038 0.8862379789352417 89
1747041479930 0.885282039642334 90
1747041487041 0.8851157426834106 91
1747041494104 0.8829959630966187 92
1747041501138 0.8855314254760742 93
1747041508112 0.8831622004508972 94
1747041515477 0.8858639001846313 95
1747041522959 0.8841181993484497 96
1747041529866 0.8848663568496704 97
1747041537128 0.8846585750579834 98
1747041544268 0.8868198990821838 99
1747041551283 0.8853651285171509 100
1747041558362 0.8879005908966064 101
1747041565602 0.8859885931015015 102
1747041572553 0.8853651285171509 103
1747041579610 0.8840766549110413 104
1747041586667 0.8865289688110352 105
1747041593800 0.8850741982460022 106
1747041600915 0.8856976628303528 107
1747041607812 0.885282039642334 108
1747041614956 0.8871108293533325 109
1747041621962 0.8886071443557739 110
1747041629068 0.8849495053291321 111
1747041636140 0.8876512050628662 112
1747041643076 0.887609601020813 113
1747041650079 0.8865705132484436 114
1747041657096 0.8862379789352417 115
1747041664112 0.8839519619941711 116
1747041671214 0.8858639001846313 117
1747041678271 0.8849910497665405 118
1747041685397 0.8867783546447754 119
1747041692424 0.8893137574195862 120
1747041699432 0.8845338821411133 121
1747041706313 0.8879836797714233 122
1747041713233 0.8869030475616455 123
1747041720213 0.8862379789352417 124
1747041727344 0.8856561183929443 125
1747041734465 0.8875680565834045 126
1747041741602 0.8852404356002808 127
1747041748848 0.8817490339279175 128
1747041755899 0.8846169710159302 129
1747041763006 0.8866952061653137 130
1747041770106 0.8860717415809631 131
1747041777154 0.8861548900604248 132
1747041784106 0.8871108293533325 133
1747041791103 0.8862795829772949 134
1747041798124 0.8870277404785156 135
1747041805317 0.8867783546447754 136
1747041812356 0.8868198990821838 137
1747041819421 0.8861964344978333 138
1747041826497 0.8860301971435547 139
1747041833491 0.8877758979797363 140
1747041840496 0.8876512050628662 141
