1747040826204 15.30767822265625 0
1747040833786 1.2952877283096313 1
1747040842124 0.8996759653091431 2
1747040849738 0.7434413433074951 3
1747040857457 0.6744385957717896 4
1747040865123 0.6322677731513977 5
1747040872756 0.5916410684585571 6
1747040880739 0.559660017490387 7
1747040888330 0.5483617782592773 8
1747040895980 0.5398166179656982 9
1747040903411 0.5159077644348145 10
1747040911090 0.49887195229530334 11
1747040918728 0.49213090538978577 12
1747040926274 0.479857474565506 13
1747040933929 0.46838217973709106 14
1747040941618 0.45526155829429626 15
1747040949830 0.44356030225753784 16
1747040957336 0.44753745198249817 17
1747040965221 0.4431783854961395 18
1747040973079 0.4274481236934662 19
1747040980813 0.4176817834377289 20
1747040988583 0.41126736998558044 21
1747040996493 0.40838468074798584 22
1747041003703 0.4026470482349396 23
1747041010569 0.3989604115486145 24
1747041017736 0.3954947888851166 25
1747041024717 0.3934486508369446 26
1747041031817 0.38260260224342346 27
1747041039011 0.37431204319000244 28
1747041046110 0.37508541345596313 29
1747041053168 0.3752228915691376 30
1747041060536 0.37023410201072693 31
1747041067523 0.36886313557624817 32
1747041074921 0.3672493100166321 33
1747041081993 0.36733564734458923 34
1747041089064 0.3626847267150879 35
1747041096009 0.3584161400794983 36
1747041103161 0.3567489981651306 37
1747041110690 0.3556198179721832 38
1747041117813 0.3527161180973053 39
1747041124941 0.34822362661361694 40
1747041131942 0.35110241174697876 41
1747041139115 0.34682297706604004 42
1747041146076 0.34520381689071655 43
1747041152991 0.3413011133670807 44
1747041159977 0.33930814266204834 45
1747041167217 0.3432210385799408 46
1747041174288 0.3391616642475128 47
1747041181254 0.3392695188522339 48
1747041188235 0.3361920714378357 49
1747041195370 0.3317180275917053 50
1747041202567 0.3369300067424774 51
1747041209744 0.33504533767700195 52
1747041217138 0.3365703821182251 53
1747041224058 0.32915011048316956 54
1747041231179 0.32666900753974915 55
1747041238121 0.32808172702789307 56
1747041245218 0.32432642579078674 57
1747041252275 0.32725024223327637 58
1747041259307 0.32755208015441895 59
1747041266309 0.3245938718318939 60
1747041273416 0.3266652524471283 61
1747041280543 0.32684603333473206 62
1747041287635 0.32584619522094727 63
1747041294676 0.3242180049419403 64
1747041301761 0.3257407546043396 65
1747041309371 0.3188202381134033 66
1747041316396 0.3210872709751129 67
1747041324083 0.31647416949272156 68
1747041331189 0.31956782937049866 69
1747041338286 0.3181357979774475 70
1747041345349 0.3223445415496826 71
1747041352619 0.3231581151485443 72
1747041359633 0.3208894729614258 73
1747041366728 0.3221150040626526 74
1747041373893 0.31909242272377014 75
1747041381061 0.3245578110218048 76
1747041388112 0.3182833790779114 77
1747041395124 0.31889772415161133 78
1747041402060 0.3169209063053131 79
1747041409149 0.3175574243068695 80
1747041416502 0.3186871111392975 81
1747041423676 0.31454136967658997 82
1747041430868 0.3121841251850128 83
1747041437823 0.31972402334213257 84
1747041444684 0.31866955757141113 85
1747041451778 0.3153432011604309 86
1747041458840 0.3116069436073303 87
1747041466039 0.31880947947502136 88
1747041473038 0.3103393018245697 89
1747041479930 0.31447654962539673 90
1747041487041 0.3180914521217346 91
1747041494104 0.31609830260276794 92
1747041501138 0.3164583742618561 93
1747041508112 0.31930357217788696 94
1747041515477 0.31294336915016174 95
1747041522959 0.3117638826370239 96
1747041529866 0.31282350420951843 97
1747041537128 0.31694844365119934 98
1747041544268 0.3096259534358978 99
1747041551283 0.3167624771595001 100
1747041558362 0.30896106362342834 101
1747041565602 0.30967578291893005 102
1747041572553 0.3144034743309021 103
1747041579610 0.31608903408050537 104
1747041586667 0.309788316488266 105
1747041593800 0.3132011890411377 106
1747041600915 0.31404387950897217 107
1747041607812 0.31745126843452454 108
1747041614956 0.3108009397983551 109
1747041621962 0.3063916563987732 110
1747041629068 0.31421396136283875 111
1747041636140 0.3124602735042572 112
1747041643076 0.30757245421409607 113
1747041650079 0.31655508279800415 114
1747041657096 0.31450432538986206 115
1747041664112 0.3189936876296997 116
1747041671214 0.31320270895957947 117
1747041678271 0.31514665484428406 118
1747041685397 0.31475070118904114 119
1747041692424 0.30735692381858826 120
1747041699432 0.31384602189064026 121
1747041706313 0.3105528950691223 122
1747041713233 0.3104255795478821 123
1747041720213 0.3114244043827057 124
1747041727344 0.310569167137146 125
1747041734465 0.3086148798465729 126
1747041741602 0.3093375265598297 127
1747041748848 0.3186357319355011 128
1747041755899 0.31228071451187134 129
1747041763006 0.3098847568035126 130
1747041770106 0.3117239475250244 131
1747041777154 0.3155948221683502 132
1747041784106 0.31220492720603943 133
1747041791103 0.3143840730190277 134
1747041798124 0.3071531355381012 135
1747041805317 0.3143326938152313 136
1747041812356 0.31066757440567017 137
1747041819421 0.31064385175704956 138
1747041826497 0.31100115180015564 139
1747041833491 0.3066580295562744 140
1747041840496 0.31701067090034485 141
