1747042071048 0.41348353028297424 0
1747042079078 0.6886820197105408 1
1747042087238 0.767654538154602 2
1747042095290 0.8051456809043884 3
1747042103053 0.830707848072052 4
1747042111031 0.840558648109436 5
1747042118883 0.8533189296722412 6
1747042126821 0.8642503619194031 7
1747042134722 0.8684483766555786 8
1747042142572 0.8685730695724487 9
1747042150442 0.8770937919616699 10
1747042158422 0.8778835535049438 11
1747042166354 0.882912814617157 12
1747042174253 0.8861964344978333 13
1747042182150 0.8867367506027222 14
1747042190160 0.8903113007545471 15
1747042197986 0.8919739127159119 16
1747042206669 0.8952574729919434 17
1747042214615 0.8977097868919373 18
1747042222551 0.8993307948112488 19
1747042230531 0.9027391076087952 20
1747042238394 0.9049004316329956 21
1747042246278 0.9036951065063477 22
1747042254200 0.9074358940124512 23
1747042262169 0.9078931212425232 24
1747042270062 0.9120495319366455 25
1747042278086 0.9124652147293091 26
1747042285898 0.9137121438980103 27
1747042293816 0.9150006175041199 28
1747042301495 0.9142524600028992 29
1747042309387 0.9177854657173157 30
1747042317322 0.9194895625114441 31
1747042325193 0.9192817807197571 32
1747042333131 0.9216509461402893 33
1747042341167 0.9207780957221985 34
1747042349007 0.923853874206543 35
1747042356855 0.9236460328102112 36
1747042364759 0.9230225682258606 37
1747042372623 0.9251008033752441 38
1747042380825 0.9258905053138733 39
1747042389890 0.9293819069862366 40
1747042397725 0.9279687404632568 41
1747042405579 0.9292988181114197 42
1747042413437 0.9302963614463806 43
1747042421323 0.931127667427063 44
1747042429015 0.9312107563018799 45
1747042436863 0.93133544921875 46
1747042445014 0.9350762963294983 47
1747042454862 0.9328317642211914 48
1747042464224 0.9334968328475952 49
1747042473272 0.9327070713043213 50
1747042481415 0.936032235622406 51
1747042489294 0.9356166124343872 52
1747042496999 0.9368635416030884 53
1747042504789 0.9375285506248474 54
1747042512365 0.9368219971656799 55
1747042520090 0.9385676980018616 56
1747042527835 0.9384430050849915 57
1747042535775 0.9371129274368286 58
1747042543994 0.9380689263343811 59
1747042552699 0.9374454617500305 60
1747042561171 0.9382351636886597 61
1747042569920 0.9395652413368225 62
1747042578879 0.9400224685668945 63
1747042587363 0.9401055574417114 64
1747042595837 0.9428904056549072 65
1747042604532 0.9388586282730103 66
1747042613519 0.9401055574417114 67
1747042622272 0.9401471614837646 68
1747042629929 0.9422253370285034 69
1747042637512 0.9401055574417114 70
1747042645120 0.9429319500923157 71
1747042652811 0.9428904056549072 72
1747042660457 0.941726565361023 73
1747042668100 0.9404796361923218 74
1747042675754 0.9420175552368164 75
1747042683354 0.9431397914886475 76
1747042691107 0.9430566430091858 77
1747042698771 0.9439294934272766 78
1747042706354 0.9443867206573486 79
1747042714111 0.9441788792610168 80
1747042721742 0.9436801075935364 81
1747042729328 0.9423500299453735 82
1747042736955 0.9417681694030762 83
1747042744574 0.9431813359260559 84
