1747042071048 18.100099563598633 0
1747042079078 1.0437190532684326 1
1747042087238 0.6433558464050293 2
1747042095290 0.5383738279342651 3
1747042103053 0.4664287567138672 4
1747042111031 0.44040021300315857 5
1747042118883 0.40508225560188293 6
1747042126821 0.3715560734272003 7
1747042134722 0.36177173256874084 8
1747042142572 0.36088666319847107 9
1747042150442 0.33867770433425903 10
1747042158422 0.33293119072914124 11
1747042166354 0.3198295831680298 12
1747042174253 0.3083157539367676 13
1747042182150 0.30037054419517517 14
1747042190160 0.2958526909351349 15
1747042197986 0.28989338874816895 16
1747042206669 0.28154221177101135 17
1747042214615 0.2760801613330841 18
1747042222551 0.27367734909057617 19
1747042230531 0.26266607642173767 20
1747042238394 0.25985023379325867 21
1747042246278 0.257968008518219 22
1747042254200 0.24968475103378296 23
1747042262169 0.2489202916622162 24
1747042270062 0.2395353466272354 25
1747042278086 0.23365448415279388 26
1747042285898 0.23568037152290344 27
1747042293816 0.22788934409618378 28
1747042301495 0.2263745218515396 29
1747042309387 0.21679021418094635 30
1747042317322 0.21753083169460297 31
1747042325193 0.21585258841514587 32
1747042333131 0.2114351987838745 33
1747042341167 0.2095853090286255 34
1747042349007 0.2016301453113556 35
1747042356855 0.201943501830101 36
1747042364759 0.19926463067531586 37
1747042372623 0.19989368319511414 38
1747042380825 0.19596919417381287 39
1747042389890 0.18968674540519714 40
1747042397725 0.1886180192232132 41
1747042405579 0.19346125423908234 42
1747042413437 0.18788640201091766 43
1747042421323 0.1827528029680252 44
1747042429015 0.18078824877738953 45
1747042436863 0.18069490790367126 46
1747042445014 0.17389802634716034 47
1747042454862 0.1794804036617279 48
1747042464224 0.17438213527202606 49
1747042473272 0.17871952056884766 50
1747042481415 0.171232208609581 51
1747042489294 0.16989652812480927 52
1747042496999 0.16893544793128967 53
1747042504789 0.16799283027648926 54
1747042512365 0.16732273995876312 55
1747042520090 0.16510233283042908 56
1747042527835 0.16445055603981018 57
1747042535775 0.1672065556049347 58
1747042543994 0.1611069291830063 59
1747042552699 0.16526906192302704 60
1747042561171 0.16432906687259674 61
1747042569920 0.1591777205467224 62
1747042578879 0.15948402881622314 63
1747042587363 0.16012145578861237 64
1747042595837 0.15550582110881805 65
1747042604532 0.16133929789066315 66
1747042613519 0.1604461669921875 67
1747042622272 0.16249440610408783 68
1747042629929 0.15452457964420319 69
1747042637512 0.1553848832845688 70
1747042645120 0.15243248641490936 71
1747042652811 0.15433254837989807 72
1747042660457 0.15564696490764618 73
1747042668100 0.15496286749839783 74
1747042675754 0.15476122498512268 75
1747042683354 0.15087765455245972 76
1747042691107 0.1537303775548935 77
1747042698771 0.1533333957195282 78
1747042706354 0.14994511008262634 79
1747042714111 0.15287868678569794 80
1747042721742 0.1519220620393753 81
1747042729328 0.1518983095884323 82
1747042736955 0.1542275995016098 83
1747042744574 0.15171794593334198 84
