1747039691105 16.78217315673828 1
1747039700174 8.828240394592285 2
1747039710363 8.202707290649414 3
1747039720763 7.317230701446533 4
1747039733288 7.477932929992676 5
1747039744043 9.13298225402832 6
1747039753130 6.910175800323486 7
1747039762634 7.799079895019531 8
1747039772179 8.699277877807617 9
1747039781847 9.679709434509277 10
1747039792962 6.384504795074463 11
1747039802401 9.136719703674316 12
1747039811594 8.741963386535645 13
1747039820831 9.653091430664062 14
1747039829900 8.077240943908691 15
1747039838988 8.794893264770508 16
1747039849470 10.000412940979004 17
1747039859523 9.152395248413086 18
1747039869728 10.712813377380371 19
1747039878687 9.944002151489258 20
1747039887568 7.218452453613281 21
1747039896360 7.596661567687988 22
1747039905644 9.656329154968262 23
1747039914850 9.920416831970215 24
1747039923701 7.996427536010742 25
1747039932731 6.5213704109191895 26
1747039942878 7.7945356369018555 27
1747039953867 7.5062055587768555 28
1747039964797 7.288752555847168 29
1747039974456 7.491250514984131 30
1747039985870 6.264681339263916 31
1747039996253 8.687765121459961 32
1747040005764 6.9734416007995605 33
1747040014981 7.474433422088623 34
1747040024309 8.44104290008545 35
