1747039691105 0.3154744505882263 1
1747039700174 0.48194023966789246 2
1747039710363 0.5818612575531006 3
1747039720763 0.6526455879211426 4
1747039733288 0.6730952858924866 5
1747039744043 0.6474500298500061 6
1747039753130 0.6695207357406616 7
1747039762634 0.6894301772117615 8
1747039772179 0.6885157227516174 9
1747039781847 0.7073860168457031 10
1747039792962 0.7151169776916504 11
1747039802401 0.7173615097999573 12
1747039811594 0.7078016400337219 13
1747039820831 0.7199384570121765 14
1747039829900 0.7287085652351379 15
1747039838988 0.7235130071640015 16
1747039849470 0.7295814752578735 17
1747039859523 0.7338210344314575 18
1747039869728 0.7348601222038269 19
1747039878687 0.7325325012207031 20
1747039887568 0.7486180067062378 21
1747039896360 0.7408454418182373 22
1747039905644 0.7405960559844971 23
1747039914850 0.7514443397521973 24
1747039923701 0.7531484961509705 25
1747039932731 0.7484933137893677 26
1747039942878 0.7544370293617249 27
1747039953867 0.7548941969871521 28
1747039964797 0.7616276741027832 29
1747039974456 0.755226731300354 30
1747039985870 0.7627914547920227 31
1747039996253 0.753106951713562 32
1747040005764 0.7705640196800232 33
1747040014981 0.763498067855835 34
1747040024309 0.7639136910438538 35
